TYPE SENSOR_AI_SETTINGS :
STRUCT
	SENSOR:ARRAY[0..in_out_quantity] OF SCALE_DATA:=
	[	
		(*1*)(VALUE:=[0,100,0,100,0,0,0,0,0,0]),
		(*2*)(VALUE:=[0,100,0,100,0,0,0,0,0,0]),
		(*3*)(VALUE:=[0,100,0,100,0,0,0,0,0,0]),
		(*4*)(VALUE:=[0,100,0,100,0,0,0,0,0,0]),
		(*5*)(VALUE:=[0,100,0,100,0,0,0,0,0,0]),
		(*6*)(VALUE:=[0,100,0,100,0,0,0,0,0,0]),
		(*7*)(VALUE:=[0,100,0,100,0,0,0,0,0,0]),
		(*8*)(VALUE:=[0,100,0,100,0,0,0,0,0,0]),
		(*9*)(VALUE:=[0,100,0,100,0,0,0,0,0,0]),
		(*10*)(VALUE:=[0,100,0,100,0,0,0,0,0,0]),
		(*11*)(VALUE:=[0,100,0,100,0,0,0,0,0,0]),
		(*12*)(VALUE:=[0,100,0,100,0,0,0,0,0,0]) 		
	];
END_STRUCT
END_TYPE
